{
  "advancedEditorSelectedIdentifier" : "ProjectBrowser",
  "openSceneRelativePaths" : [
    "Scene.usda"
  ],
  "recentIdentifiers" : {
    "D66134B1-3681-4A8E-AFE5-29F257229F3B" : [

    ]
  },
  "sceneCameraHistory" : {
    "1D572CEB-057A-41C3-B575-04C37501A3C0" : [
      {
        "date" : 734518492.70532298,
        "title" : "Untitled",
        "transform" : [
          1,
          0,
          0,
          0,
          0,
          0.87517136335372925,
          -0.48381307721138,
          0,
          0,
          0.48381307721138,
          0.87517136335372925,
          0,
          -0.11608262360095978,
          0.33961156010627747,
          0.51040905714035034,
          1
        ]
      },
      {
        "date" : 734518490.66308999,
        "title" : "Untitled",
        "transform" : [
          1,
          0,
          0,
          0,
          0,
          0.87517136335372925,
          -0.48381307721138,
          0,
          0,
          0.48381307721138,
          0.87517136335372925,
          0,
          0,
          0.30973127484321594,
          0.5269274115562439,
          1
        ]
      },
      {
        "date" : 734518487.50379801,
        "title" : "Untitled",
        "transform" : [
          1,
          0,
          0,
          0,
          0,
          0.87517136335372925,
          -0.48381307721138,
          0,
          0,
          0.48381307721138,
          0.87517136335372925,
          0,
          0,
          5.0749201774597168,
          8.6336603164672852,
          1
        ]
      },
      {
        "date" : 734518485.71218097,
        "title" : "Untitled",
        "transform" : [
          1,
          0,
          0,
          0,
          0,
          0.87517136335372925,
          -0.48381307721138,
          0,
          0,
          0.48381307721138,
          0.87517136335372925,
          0,
          0,
          19.622976303100586,
          33.383407592773438,
          1
        ]
      },
      {
        "date" : 734518443.40006101,
        "title" : "Untitled",
        "transform" : [
          1,
          0,
          0,
          0,
          0,
          0.87517136335372925,
          -0.48381307721138,
          0,
          0,
          0.48381307721138,
          0.87517136335372925,
          0,
          0,
          68.722640991210938,
          116.91376495361328,
          1
        ]
      }
    ],
    "D66134B1-3681-4A8E-AFE5-29F257229F3B" : [
      {
        "date" : 734523016.67002702,
        "title" : "Untitled",
        "transform" : [
          0.86129826307296753,
          -7.0283325825926113e-09,
          0.50809961557388306,
          0,
          0.3655998706817627,
          0.69444721937179565,
          -0.61974173784255981,
          0,
          -0.35284829139709473,
          0.7195436954498291,
          0.5981261134147644,
          0,
          -0.049419708549976349,
          0.33720830082893372,
          0.20049774646759033,
          1
        ]
      },
      {
        "date" : 734522506.98785198,
        "title" : "Untitled",
        "transform" : [
          0.86350876092910767,
          0,
          0.5043337345123291,
          0,
          0.25216689705848694,
          0.86602538824081421,
          -0.43175441026687622,
          0,
          -0.43676578998565674,
          0.50000005960464478,
          0.74782049655914307,
          0,
          -0.092779606580734253,
          0.2860882580280304,
          0.27593395113945007,
          1
        ]
      },
      {
        "date" : 734522485.75386,
        "title" : "Untitled",
        "transform" : [
          0.8619810938835144,
          0,
          0.50694030523300171,
          0,
          0.25347018241882324,
          0.86602538824081421,
          -0.43099060654640198,
          0,
          -0.43902316689491272,
          0.50000005960464478,
          0.7464975118637085,
          0,
          0.24418306350708008,
          1.4092813730239868,
          1.240899920463562,
          1
        ]
      },
      {
        "date" : 734522483.72214496,
        "title" : "Untitled",
        "transform" : [
          0.85869115591049194,
          0,
          0.5124933123588562,
          0,
          0.25624668598175049,
          0.86602538824081421,
          -0.42934560775756836,
          0,
          -0.44383221864700317,
          0.50000005960464478,
          0.74364829063415527,
          0,
          0.21051642298698425,
          1.7906897068023682,
          1.583538293838501,
          1
        ]
      },
      {
        "date" : 734522470.34509301,
        "title" : "Untitled",
        "transform" : [
          0.85869115591049194,
          0,
          0.5124933123588562,
          0,
          0.25624668598175049,
          0.86602538824081421,
          -0.42934560775756836,
          0,
          -0.44383221864700317,
          0.50000005960464478,
          0.74364829063415527,
          0,
          0.2670549750328064,
          0.94434607028961182,
          0.82193517684936523,
          1
        ]
      },
      {
        "date" : 734522463.95690095,
        "title" : "Untitled",
        "transform" : [
          0.85869115591049194,
          0,
          0.5124933123588562,
          0,
          0.25624668598175049,
          0.86602538824081421,
          -0.42934560775756836,
          0,
          -0.44383221864700317,
          0.50000005960464478,
          0.74364829063415527,
          0,
          -0.330940842628479,
          1.0621354579925537,
          0.38583576679229736,
          1
        ]
      },
      {
        "date" : 734522460.09018803,
        "title" : "Untitled",
        "transform" : [
          0.85869115591049194,
          0,
          0.5124933123588562,
          0,
          0.25624668598175049,
          0.86602538824081421,
          -0.42934560775756836,
          0,
          -0.44383221864700317,
          0.50000005960464478,
          0.74364829063415527,
          0,
          -0.39750230312347412,
          0.55625820159912109,
          0.68624198436737061,
          1
        ]
      },
      {
        "date" : 734522418.306584,
        "title" : "Untitled",
        "transform" : [
          0.85869115591049194,
          0,
          0.5124933123588562,
          0,
          0.25624668598175049,
          0.86602538824081421,
          -0.42934560775756836,
          0,
          -0.44383221864700317,
          0.50000005960464478,
          0.74364829063415527,
          0,
          -0.10715566575527191,
          0.22916761040687561,
          0.19976137578487396,
          1
        ]
      },
      {
        "date" : 734518458.100564,
        "title" : "Untitled",
        "transform" : [
          0.85712313652038574,
          0,
          0.51511144638061523,
          0,
          0.25755575299263,
          0.86602538824081421,
          -0.42856159806251526,
          0,
          -0.44609957933425903,
          0.50000005960464478,
          0.74229037761688232,
          0,
          -0.20391391217708588,
          0.16535197198390961,
          0.45911166071891785,
          1
        ]
      },
      {
        "date" : 734518443.41358697,
        "title" : "Untitled",
        "transform" : [
          1,
          0,
          0,
          0,
          0,
          0.86602538824081421,
          -0.50000005960464478,
          0,
          0,
          0.50000005960464478,
          0.86602538824081421,
          0,
          0,
          0.39187890291213989,
          0.67875415086746216,
          1
        ]
      }
    ]
  },
  "selectedSceneRelativePath" : "Scene.usda"
}